RMSE: 1.055704
R2: 0.648558
